contour_0
1201,838
1200,840
1197,840
1196,841
1187,841
1186,842
1177,842
1176,843
1171,843
1170,845
1168,845
1167,846
1162,846
1161,847
1158,847
1157,848
1153,848
1152,850
1151,850
1150,851
1148,851
1147,852
1145,852
1143,853
1138,853
1137,855
1136,855
1135,856
1133,856
1132,857
1130,857
1128,858
1127,858
1125,861
1123,861
1122,862
1120,862
1118,863
1117,863
1116,865
1115,865
1113,866
1112,866
1111,867
1110,867
1107,870
1106,870
1105,871
1103,871
1102,872
1101,872
1098,875
1097,875
1093,878
1092,878
1090,881
1088,881
1082,887
1081,887
1068,900
1067,900
1062,905
1062,906
1058,910
1058,911
1056,913
1056,915
1048,922
1048,923
1047,925
1047,926
1043,930
1043,931
1041,933
1041,935
1040,936
1040,937
1037,940
1037,941
1036,942
1036,943
1035,945
1035,946
1032,948
1032,951
1031,952
1031,953
1030,955
1030,956
1028,957
1028,958
1027,960
1027,962
1025,965
1025,966
1023,967
1023,968
1022,970
1022,973
1021,975
1021,976
1020,977
1020,978
1018,980
1018,985
1017,986
1017,987
1015,990
1015,992
1013,993
1013,998
1012,1000
1012,1002
1011,1003
1011,1007
1010,1008
1010,1015
1008,1016
1008,1018
1007,1020
1007,1028
1006,1030
1006,1033
1005,1035
1005,1040
1003,1041
1003,1056
1002,1057
1002,1080
1001,1081
1001,1092
1000,1093
1000,1121
998,1122
998,1138
996,1141
995,1141
993,1142
992,1142
991,1143
990,1143
988,1145
987,1145
982,1150
982,1151
981,1152
981,1153
980,1155
980,1165
978,1166
978,1175
980,1176
980,1203
981,1205
981,1210
982,1211
982,1212
983,1213
983,1217
985,1218
985,1221
986,1222
986,1223
987,1225
987,1226
991,1230
991,1231
995,1235
995,1236
1003,1245
1003,1246
1016,1258
1016,1260
1025,1268
1025,1270
1028,1273
1028,1275
1035,1281
1035,1282
1036,1283
1036,1285
1038,1287
1038,1288
1040,1290
1040,1291
1042,1293
1042,1295
1045,1297
1045,1300
1046,1301
1046,1303
1047,1305
1047,1306
1048,1307
1048,1310
1050,1311
1050,1317
1051,1318
1051,1321
1053,1323
1053,1327
1055,1328
1055,1340
1056,1341
1056,1347
1057,1348
1057,1351
1058,1352
1058,1368
1060,1370
1060,1413
1058,1415
1058,1431
1057,1432
1057,1433
1056,1435
1056,1438
1055,1440
1055,1446
1053,1447
1053,1451
1050,1455
1050,1458
1047,1461
1047,1462
1046,1463
1046,1466
1042,1470
1042,1471
1040,1473
1040,1475
1036,1478
1036,1481
1031,1486
1031,1487
1022,1496
1022,1497
1005,1515
1003,1515
998,1520
997,1520
992,1525
991,1525
988,1527
987,1527
986,1528
985,1528
983,1530
982,1530
980,1532
978,1532
977,1533
976,1533
975,1535
973,1535
972,1536
971,1536
970,1537
968,1537
967,1538
966,1538
965,1540
963,1540
962,1541
961,1541
960,1542
957,1542
956,1543
955,1543
953,1545
952,1545
951,1546
948,1546
947,1547
946,1547
945,1548
943,1548
942,1550
941,1550
940,1551
937,1551
935,1553
933,1553
932,1555
930,1555
928,1556
927,1556
926,1557
925,1557
922,1560
917,1560
916,1561
915,1561
912,1563
910,1563
908,1565
906,1565
903,1567
902,1567
901,1568
897,1568
895,1571
893,1571
892,1572
891,1572
890,1573
887,1573
886,1575
885,1575
882,1577
880,1577
878,1578
876,1578
875,1580
873,1580
872,1581
870,1581
868,1582
867,1582
866,1583
865,1583
862,1586
860,1586
858,1587
856,1587
855,1588
853,1588
852,1590
851,1590
850,1591
848,1591
847,1592
845,1592
843,1593
842,1593
841,1595
838,1595
837,1596
836,1596
835,1597
832,1597
831,1598
830,1598
828,1600
827,1600
826,1601
825,1601
823,1602
822,1602
821,1603
818,1603
817,1605
816,1605
815,1606
813,1606
812,1607
811,1607
810,1608
807,1608
806,1610
805,1610
803,1611
802,1611
801,1612
800,1612
798,1613
797,1613
796,1615
795,1615
793,1616
790,1616
787,1618
786,1618
785,1620
783,1620
782,1621
780,1621
777,1623
776,1623
775,1625
772,1625
771,1626
768,1626
765,1630
761,1630
760,1631
758,1631
757,1632
756,1632
755,1633
753,1633
752,1635
750,1635
747,1637
746,1637
745,1638
743,1638
742,1640
740,1640
738,1641
737,1641
736,1642
733,1642
732,1643
731,1643
728,1646
727,1646
726,1647
725,1647
723,1648
721,1648
720,1650
718,1650
717,1651
716,1651
715,1652
713,1652
712,1653
710,1653
707,1656
705,1656
703,1657
702,1657
701,1658
700,1658
697,1661
695,1661
692,1663
691,1663
683,1671
683,1672
682,1673
682,1675
681,1676
681,1677
680,1678
680,1680
678,1681
678,1695
677,1696
677,1698
676,1700
676,1712
675,1713
675,1786
676,1787
676,1803
677,1805
677,1807
678,1808
678,1841
680,1842
680,1850
681,1851
681,1855
682,1856
682,1865
683,1866
683,1872
685,1873
685,1876
686,1877
686,1878
687,1880
687,1890
688,1891
688,1895
690,1896
690,1897
691,1898
691,1902
692,1903
692,1908
693,1910
693,1912
695,1913
695,1915
696,1916
696,1923
697,1925
697,1926
698,1927
698,1928
700,1930
700,1933
701,1935
701,1940
702,1941
702,1942
705,1945
705,1947
706,1948
706,1953
707,1955
707,1956
708,1957
708,1960
710,1961
710,1965
711,1966
711,1967
712,1968
712,1970
713,1971
713,1972
715,1973
715,1976
716,1977
716,1980
717,1981
717,1983
718,1985
718,1986
720,1987
720,1990
721,1991
721,1992
722,1993
722,1996
723,1997
723,1998
725,2000
725,2001
726,2002
726,2005
727,2006
727,2007
728,2008
728,2010
730,2011
730,2013
731,2015
731,2016
733,2018
733,2020
735,2021
735,2023
736,2025
736,2026
737,2027
737,2030
738,2031
738,2032
741,2035
741,2036
742,2037
742,2038
743,2040
743,2041
745,2042
745,2043
746,2045
746,2046
747,2047
747,2048
748,2050
748,2051
751,2053
751,2055
753,2057
753,2058
755,2060
755,2061
756,2062
756,2063
758,2066
758,2067
761,2070
761,2071
762,2072
762,2073
763,2075
763,2076
765,2077
765,2078
768,2082
768,2083
771,2086
771,2087
773,2090
773,2091
776,2093
776,2095
780,2098
780,2100
782,2102
782,2103
785,2106
785,2107
788,2111
788,2112
790,2113
790,2115
791,2116
791,2117
792,2118
792,2121
793,2122
793,2123
795,2125
795,2126
796,2127
796,2137
797,2138
797,2150
798,2151
798,2158
800,2160
800,2165
801,2166
801,2428
802,2430
802,2627
803,2628
803,2646
805,2647
805,2656
807,2658
813,2658
815,2660
845,2660
846,2661
1351,2661
1352,2660
1405,2660
1406,2658
1447,2658
1448,2657
1488,2657
1490,2656
1500,2656
1501,2655
1520,2655
1521,2656
1665,2656
1666,2655
1667,2655
1670,2652
1670,2547
1671,2546
1671,2541
1672,2540
1672,2525
1673,2523
1673,2511
1675,2510
1675,2502
1676,2501
1676,2377
1677,2376
1677,2211
1678,2210
1678,2192
1680,2191
1680,2185
1681,2183
1681,2151
1682,2150
1682,2137
1683,2136
1683,2132
1685,2131
1685,2130
1686,2128
1686,2122
1687,2121
1687,2118
1691,2115
1691,2112
1692,2111
1692,2110
1696,2106
1696,2105
1697,2103
1697,2102
1701,2098
1701,2097
1705,2093
1705,2092
1707,2090
1707,2088
1708,2087
1708,2086
1711,2083
1711,2082
1715,2078
1715,2077
1717,2075
1717,2073
1718,2072
1718,2071
1721,2068
1721,2067
1723,2065
1723,2063
1725,2062
1725,2061
1726,2060
1726,2058
1728,2056
1728,2055
1730,2053
1730,2052
1731,2051
1731,2050
1733,2047
1733,2045
1735,2043
1735,2042
1736,2041
1736,2040
1737,2038
1737,2037
1738,2036
1738,2035
1740,2033
1740,2032
1743,2028
1743,2026
1745,2025
1745,2023
1747,2021
1747,2020
1748,2018
1748,2015
1751,2012
1751,2011
1752,2010
1752,2008
1753,2007
1753,2005
1756,2002
1756,2001
1757,2000
1757,1997
1758,1996
1758,1995
1760,1993
1760,1992
1761,1991
1761,1988
1762,1987
1762,1985
1763,1983
1763,1982
1765,1981
1765,1980
1766,1978
1766,1975
1767,1973
1767,1972
1768,1971
1768,1970
1770,1968
1770,1966
1771,1965
1771,1961
1773,1958
1773,1957
1775,1956
1775,1951
1776,1950
1776,1947
1777,1946
1777,1945
1778,1943
1778,1940
1780,1938
1780,1935
1781,1933
1781,1932
1782,1931
1782,1928
1783,1927
1783,1922
1785,1921
1785,1917
1786,1916
1786,1913
1787,1912
1787,1908
1788,1907
1788,1902
1790,1901
1790,1898
1791,1897
1791,1891
1792,1890
1792,1887
1793,1886
1793,1883
1795,1882
1795,1876
1796,1875
1796,1870
1797,1868
1797,1863
1798,1862
1798,1853
1800,1852
1800,1838
1801,1837
1801,1833
1802,1832
1802,1681
1801,1680
1801,1677
1800,1676
1800,1672
1793,1666
1792,1666
1790,1663
1788,1663
1787,1662
1786,1662
1785,1661
1783,1661
1782,1660
1781,1660
1780,1658
1778,1658
1776,1656
1773,1656
1771,1653
1768,1653
1767,1652
1766,1652
1765,1651
1762,1651
1761,1650
1760,1650
1758,1648
1756,1648
1755,1647
1753,1647
1752,1646
1751,1646
1748,1643
1746,1643
1745,1642
1743,1642
1742,1641
1741,1641
1740,1640
1737,1640
1736,1638
1735,1638
1732,1636
1731,1636
1730,1635
1727,1635
1726,1633
1725,1633
1722,1631
1721,1631
1720,1630
1716,1630
1715,1628
1713,1628
1711,1626
1708,1626
1707,1625
1706,1625
1705,1623
1703,1623
1702,1622
1701,1622
1700,1621
1697,1621
1696,1620
1695,1620
1692,1617
1690,1617
1688,1616
1686,1616
1685,1615
1683,1615
1682,1613
1681,1613
1680,1612
1678,1612
1677,1611
1676,1611
1675,1610
1673,1610
1672,1608
1671,1608
1670,1607
1666,1607
1665,1606
1663,1606
1661,1603
1657,1603
1656,1602
1655,1602
1653,1601
1652,1601
1651,1600
1650,1600
1648,1598
1647,1598
1646,1597
1645,1597
1643,1596
1642,1596
1641,1595
1638,1595
1637,1593
1636,1593
1635,1592
1633,1592
1632,1591
1630,1591
1628,1590
1627,1590
1626,1588
1625,1588
1623,1587
1621,1587
1620,1586
1618,1586
1617,1585
1616,1585
1613,1582
1610,1582
1608,1581
1607,1581
1605,1578
1602,1578
1601,1577
1598,1577
1596,1575
1595,1575
1593,1573
1592,1573
1591,1572
1588,1572
1586,1570
1585,1570
1583,1568
1578,1568
1577,1567
1576,1567
1573,1565
1572,1565
1571,1563
1568,1563
1566,1561
1565,1561
1563,1560
1561,1560
1560,1558
1558,1558
1557,1557
1556,1557
1555,1556
1552,1556
1551,1555
1548,1555
1547,1553
1546,1553
1545,1552
1543,1552
1542,1551
1540,1551
1538,1550
1537,1550
1536,1548
1535,1548
1533,1547
1532,1547
1531,1546
1530,1546
1528,1545
1527,1545
1526,1543
1525,1543
1523,1542
1521,1542
1520,1541
1518,1541
1517,1540
1516,1540
1515,1538
1513,1538
1512,1537
1511,1537
1510,1536
1508,1536
1506,1533
1505,1533
1503,1532
1502,1532
1501,1531
1498,1531
1496,1528
1495,1528
1492,1526
1491,1526
1488,1523
1487,1523
1483,1520
1482,1520
1480,1517
1478,1517
1475,1513
1473,1513
1453,1493
1453,1492
1448,1487
1448,1486
1447,1485
1447,1483
1443,1480
1443,1478
1442,1477
1442,1476
1440,1473
1440,1472
1437,1470
1437,1468
1436,1467
1436,1466
1435,1465
1435,1463
1433,1462
1433,1461
1432,1460
1432,1458
1431,1457
1431,1456
1430,1455
1430,1453
1428,1452
1428,1451
1427,1450
1427,1448
1426,1447
1426,1445
1425,1443
1425,1442
1423,1441
1423,1440
1422,1438
1422,1436
1421,1435
1421,1428
1420,1427
1420,1371
1421,1370
1421,1360
1422,1358
1422,1348
1423,1347
1423,1346
1425,1345
1425,1338
1426,1337
1426,1328
1427,1327
1427,1326
1428,1325
1428,1323
1430,1322
1430,1317
1431,1316
1431,1312
1432,1311
1432,1308
1433,1307
1433,1306
1435,1305
1435,1302
1436,1301
1436,1300
1437,1298
1437,1296
1438,1295
1438,1292
1441,1290
1441,1288
1442,1287
1442,1286
1445,1283
1445,1282
1446,1281
1446,1280
1447,1278
1447,1277
1452,1272
1452,1271
1456,1267
1456,1266
1467,1255
1468,1255
1482,1241
1482,1240
1486,1236
1486,1235
1488,1232
1488,1231
1491,1228
1491,1226
1492,1225
1492,1223
1493,1222
1493,1220
1495,1218
1495,1217
1496,1216
1496,1211
1497,1210
1497,1205
1498,1203
1498,1197
1500,1196
1500,1188
1501,1187
1501,1172
1502,1171
1502,1165
1501,1163
1501,1160
1500,1158
1500,1156
1498,1155
1498,1152
1496,1150
1496,1148
1492,1145
1490,1145
1488,1143
1487,1143
1483,1140
1483,1138
1482,1137
1482,1130
1481,1128
1481,1103
1480,1102
1480,1095
1478,1093
1478,1076
1477,1075
1477,1047
1476,1046
1476,1043
1475,1042
1475,1036
1473,1035
1473,1026
1472,1025
1472,1020
1471,1018
1471,1015
1470,1013
1470,1010
1468,1008
1468,1003
1467,1002
1467,1000
1466,998
1466,995
1465,993
1465,990
1463,988
1463,986
1462,985
1462,983
1461,982
1461,981
1460,980
1460,976
1458,975
1458,973
1457,972
1457,971
1455,968
1455,965
1453,963
1453,962
1452,961
1452,958
1451,957
1451,956
1450,955
1450,953
1448,952
1448,951
1446,948
1446,946
1445,945
1445,943
1443,942
1443,941
1442,940
1442,938
1438,935
1438,933
1437,932
1437,931
1435,928
1435,927
1432,925
1432,923
1428,920
1428,918
1425,915
1425,913
1393,882
1392,882
1388,878
1387,878
1386,877
1385,877
1381,873
1380,873
1377,871
1376,871
1375,870
1373,870
1372,868
1371,868
1368,866
1367,866
1365,863
1363,863
1362,862
1361,862
1360,861
1358,861
1357,860
1355,860
1353,858
1352,858
1351,857
1348,857
1347,856
1346,856
1345,855
1343,855
1342,853
1338,853
1337,852
1335,852
1333,851
1332,851
1331,850
1328,850
1327,848
1323,848
1322,847
1320,847
1318,846
1313,846
1312,845
1310,845
1308,843
1305,843
1303,842
1293,842
1292,841
1282,841
1281,840
1280,840
1278,838
contour_2
1237,1551
1236,1552
1193,1552
1192,1553
1171,1553
1170,1555
1163,1555
1162,1556
1136,1556
1135,1557
1131,1557
1130,1558
1125,1558
1123,1560
1116,1560
1115,1561
1108,1561
1107,1562
1103,1562
1102,1563
1098,1563
1097,1565
1091,1565
1090,1566
1087,1566
1086,1567
1085,1567
1083,1568
1078,1568
1077,1570
1073,1570
1072,1571
1071,1571
1070,1572
1068,1572
1067,1573
1061,1573
1058,1576
1057,1576
1056,1577
1052,1577
1051,1578
1050,1578
1048,1580
1047,1580
1046,1581
1045,1581
1043,1582
1040,1582
1038,1583
1037,1583
1036,1585
1035,1585
1033,1586
1031,1586
1030,1587
1028,1587
1027,1588
1026,1588
1025,1590
1023,1590
1022,1591
1021,1591
1020,1592
1018,1592
1017,1593
1016,1593
1015,1595
1012,1595
1010,1597
1008,1597
1006,1600
1003,1600
1001,1602
1000,1602
998,1603
997,1603
996,1605
995,1605
992,1607
991,1607
990,1608
988,1608
985,1612
983,1612
982,1613
981,1613
978,1616
977,1616
975,1618
973,1618
970,1622
968,1622
966,1625
965,1625
961,1628
960,1628
955,1633
953,1633
942,1645
941,1645
918,1667
918,1668
908,1678
908,1680
902,1686
902,1687
900,1690
900,1691
898,1692
898,1693
896,1696
896,1697
892,1701
892,1702
891,1703
891,1705
890,1706
890,1707
888,1708
888,1710
886,1712
886,1713
885,1715
885,1716
883,1717
883,1718
882,1720
882,1721
881,1722
881,1723
880,1725
880,1726
878,1727
878,1730
876,1732
876,1735
875,1736
875,1737
873,1738
873,1740
872,1741
872,1745
870,1747
870,1751
868,1752
868,1753
867,1755
867,1756
866,1757
866,1763
865,1765
865,1767
863,1768
863,1770
862,1771
862,1801
861,1802
861,1823
860,1825
860,1868
858,1870
858,2290
860,2291
860,2321
861,2322
861,2358
862,2360
862,2381
863,2382
863,2385
865,2386
865,2390
866,2391
866,2396
867,2397
867,2398
868,2400
868,2401
870,2402
870,2405
871,2406
871,2408
872,2410
872,2411
873,2412
873,2415
875,2416
875,2418
877,2421
877,2422
878,2423
878,2426
880,2427
880,2430
881,2431
881,2432
882,2433
882,2435
883,2436
883,2437
886,2440
886,2441
888,2443
888,2446
891,2448
891,2450
892,2451
892,2452
893,2453
893,2455
898,2460
898,2461
901,2463
901,2465
903,2467
903,2468
908,2473
908,2475
917,2483
917,2485
918,2486
920,2486
921,2487
921,2488
937,2505
938,2505
953,2520
955,2520
957,2522
958,2522
961,2525
962,2525
970,2532
972,2532
977,2537
978,2537
981,2540
982,2540
983,2541
985,2541
988,2545
991,2545
993,2547
995,2547
997,2550
1000,2550
1002,2552
1003,2552
1006,2555
1008,2555
1011,2557
1013,2557
1015,2558
1016,2558
1020,2562
1022,2562
1023,2563
1026,2563
1027,2565
1028,2565
1030,2566
1032,2566
1035,2568
1036,2568
1037,2570
1038,2570
1040,2571
1041,2571
1042,2572
1046,2572
1047,2573
1048,2573
1050,2575
1053,2575
1055,2576
1057,2576
1060,2578
1062,2578
1063,2580
1067,2580
1068,2581
1072,2581
1073,2582
1075,2582
1076,2583
1078,2583
1080,2585
1086,2585
1088,2587
1092,2587
1093,2588
1097,2588
1098,2590
1106,2590
1107,2591
1108,2591
1110,2592
1113,2592
1115,2593
1125,2593
1126,2595
1130,2595
1131,2596
1133,2596
1135,2597
1138,2597
1140,2598
1170,2598
1171,2600
1285,2600
1286,2598
1338,2598
1340,2597
1346,2597
1347,2596
1348,2596
1350,2595
1357,2595
1358,2593
1368,2593
1370,2592
1371,2592
1372,2591
1373,2591
1375,2590
1385,2590
1386,2588
1388,2588
1390,2587
1391,2587
1392,2586
1393,2586
1395,2585
1401,2585
1402,2583
1405,2583
1407,2581
1412,2581
1413,2580
1416,2580
1417,2578
1420,2578
1422,2576
1426,2576
1427,2575
1430,2575
1431,2573
1432,2573
1433,2572
1436,2572
1437,2571
1440,2571
1441,2570
1442,2570
1443,2568
1445,2568
1446,2567
1447,2567
1448,2566
1451,2566
1452,2565
1453,2565
1455,2563
1456,2563
1457,2562
1460,2562
1463,2558
1465,2558
1466,2557
1468,2557
1470,2556
1471,2556
1472,2555
1473,2555
1476,2552
1478,2552
1481,2550
1482,2550
1483,2548
1485,2548
1486,2547
1487,2547
1490,2545
1491,2545
1492,2543
1493,2543
1496,2541
1497,2541
1500,2538
1501,2538
1502,2537
1503,2537
1508,2532
1510,2532
1512,2530
1513,2530
1516,2527
1517,2527
1523,2521
1525,2521
1532,2513
1533,2513
1540,2507
1541,2507
1557,2491
1557,2490
1566,2481
1566,2480
1571,2475
1571,2473
1576,2468
1576,2467
1578,2465
1578,2463
1581,2461
1581,2460
1585,2456
1585,2455
1587,2452
1587,2451
1588,2450
1588,2448
1591,2446
1591,2445
1592,2443
1592,2442
1593,2441
1593,2440
1595,2438
1595,2437
1597,2435
1597,2433
1598,2432
1598,2430
1601,2427
1601,2426
1602,2425
1602,2421
1605,2418
1605,2417
1607,2415
1607,2411
1608,2410
1608,2406
1611,2403
1611,2401
1612,2400
1612,2395
1613,2393
1613,2391
1615,2390
1615,2388
1616,2387
1616,2381
1617,2380
1617,2370
1618,2368
1618,2337
1620,2336
1620,2228
1621,2227
1621,2032
1620,2031
1620,1858
1618,1857
1618,1801
1617,1800
1617,1771
1616,1770
1616,1765
1615,1763
1615,1761
1613,1760
1613,1758
1612,1757
1612,1752
1611,1751
1611,1748
1610,1747
1610,1746
1608,1745
1608,1743
1607,1742
1607,1738
1605,1736
1605,1735
1603,1733
1603,1731
1602,1730
1602,1728
1601,1727
1601,1726
1600,1725
1600,1723
1598,1722
1598,1721
1597,1720
1597,1718
1595,1716
1595,1715
1593,1713
1593,1711
1591,1708
1591,1707
1590,1706
1590,1705
1586,1701
1586,1698
1582,1695
1582,1693
1581,1692
1581,1691
1577,1687
1577,1686
1572,1681
1572,1680
1568,1676
1568,1675
1562,1668
1562,1667
1538,1643
1537,1643
1531,1637
1530,1637
1525,1632
1523,1632
1520,1628
1518,1628
1512,1622
1511,1622
1510,1621
1508,1621
1506,1618
1505,1618
1502,1616
1501,1616
1497,1612
1496,1612
1495,1611
1493,1611
1491,1608
1490,1608
1488,1607
1487,1607
1485,1605
1483,1605
1482,1603
1481,1603
1480,1602
1478,1602
1477,1601
1476,1601
1475,1600
1473,1600
1472,1598
1471,1598
1468,1596
1467,1596
1466,1595
1465,1595
1463,1593
1462,1593
1461,1592
1460,1592
1458,1591
1457,1591
1456,1590
1453,1590
1452,1588
1451,1588
1450,1587
1448,1587
1447,1586
1446,1586
1445,1585
1442,1585
1440,1582
1435,1582
1432,1580
1431,1580
1430,1578
1428,1578
1427,1577
1423,1577
1422,1576
1420,1576
1418,1575
1417,1575
1416,1573
1411,1573
1410,1572
1408,1572
1407,1571
1406,1571
1405,1570
1401,1570
1400,1568
1395,1568
1393,1567
1391,1567
1388,1565
1378,1565
1377,1563
1375,1563
1373,1562
1372,1562
1371,1561
1363,1561
1362,1560
1356,1560
1355,1558
1351,1558
1350,1557
1346,1557
1345,1556
1321,1556
1320,1555
1312,1555
1311,1553
1305,1553
1303,1552
1242,1552
1241,1551
contour_4
1240,1663
1238,1665
1156,1665
1155,1666
1147,1666
1146,1667
1142,1667
1141,1668
1136,1668
1135,1670
1126,1670
1125,1671
1122,1671
1121,1672
1118,1672
1117,1673
1111,1673
1108,1676
1106,1676
1105,1677
1102,1677
1101,1678
1098,1678
1097,1680
1095,1680
1093,1681
1091,1681
1090,1682
1088,1682
1087,1683
1086,1683
1083,1686
1081,1686
1080,1687
1077,1687
1075,1690
1072,1690
1071,1691
1068,1691
1066,1693
1065,1693
1063,1695
1062,1695
1061,1696
1060,1696
1058,1697
1057,1697
1056,1698
1055,1698
1053,1700
1052,1700
1050,1702
1047,1702
1043,1706
1042,1706
1041,1707
1040,1707
1037,1710
1036,1710
1033,1712
1032,1712
1030,1715
1028,1715
1027,1716
1026,1716
1021,1721
1020,1721
1016,1725
1015,1725
1007,1732
1006,1732
1005,1733
1005,1735
1003,1736
1002,1736
985,1753
985,1755
978,1761
978,1762
973,1767
973,1768
970,1772
970,1773
968,1775
968,1776
966,1778
966,1780
963,1782
963,1783
961,1786
961,1788
958,1791
958,1792
957,1793
957,1795
956,1796
956,1797
955,1798
955,1800
953,1801
953,1802
952,1803
952,1805
951,1806
951,1808
950,1810
950,1811
948,1812
948,1815
947,1816
947,1817
946,1818
946,1820
945,1821
945,1827
943,1828
943,1831
942,1832
942,1833
941,1835
941,1846
940,1847
940,1866
938,1867
938,1915
937,1916
937,2233
938,2235
938,2272
940,2273
940,2303
941,2305
941,2317
942,2318
942,2321
943,2322
943,2327
945,2328
945,2335
946,2336
946,2337
948,2340
948,2343
950,2345
950,2347
951,2348
951,2350
952,2351
952,2352
953,2353
953,2356
957,2360
957,2362
961,2366
961,2368
962,2370
962,2371
966,2375
966,2376
970,2380
970,2381
971,2382
971,2383
975,2387
975,2388
982,2396
982,2397
991,2406
991,2407
998,2415
1000,2415
1008,2423
1010,2423
1018,2432
1021,2432
1025,2436
1026,2436
1031,2441
1033,2441
1037,2445
1038,2445
1040,2446
1041,2446
1043,2448
1045,2448
1046,2450
1047,2450
1050,2452
1051,2452
1052,2453
1053,2453
1055,2455
1056,2455
1057,2456
1058,2456
1060,2457
1061,2457
1062,2458
1065,2458
1067,2461
1068,2461
1070,2462
1071,2462
1072,2463
1075,2463
1077,2466
1080,2466
1081,2467
1083,2467
1085,2468
1086,2468
1087,2470
1088,2470
1090,2471
1092,2471
1093,2472
1096,2472
1097,2473
1098,2473
1100,2475
1102,2475
1103,2476
1108,2476
1110,2477
1111,2477
1112,2478
1113,2478
1115,2480
1118,2480
1120,2481
1125,2481
1126,2482
1127,2482
1128,2483
1132,2483
1133,2485
1146,2485
1147,2486
1151,2486
1152,2487
1155,2487
1156,2488
1166,2488
1167,2490
1203,2490
1205,2491
1251,2491
1252,2490
1303,2490
1305,2488
1320,2488
1321,2487
1326,2487
1327,2486
1331,2486
1332,2485
1346,2485
1347,2483
1351,2483
1352,2482
1353,2482
1355,2481
1360,2481
1361,2480
1366,2480
1367,2478
1368,2478
1371,2476
1377,2476
1378,2475
1381,2475
1382,2473
1383,2473
1385,2472
1387,2472
1388,2471
1391,2471
1392,2470
1393,2470
1395,2468
1396,2468
1397,2467
1400,2467
1401,2466
1403,2466
1406,2463
1408,2463
1410,2462
1411,2462
1412,2461
1413,2461
1416,2458
1418,2458
1420,2457
1421,2457
1422,2456
1423,2456
1425,2455
1426,2455
1428,2452
1431,2452
1433,2450
1435,2450
1437,2447
1438,2447
1440,2446
1441,2446
1445,2442
1446,2442
1447,2441
1448,2441
1453,2436
1455,2436
1457,2433
1458,2433
1462,2430
1463,2430
1470,2423
1471,2423
1473,2421
1475,2421
1493,2402
1493,2401
1498,2396
1498,2395
1502,2391
1502,2390
1507,2385
1507,2383
1511,2380
1511,2377
1515,2373
1515,2372
1516,2371
1516,2370
1518,2367
1518,2366
1521,2363
1521,2361
1523,2358
1523,2357
1525,2356
1525,2355
1526,2353
1526,2352
1527,2351
1527,2350
1528,2348
1528,2346
1530,2345
1530,2342
1531,2341
1531,2340
1532,2338
1532,2336
1533,2335
1533,2330
1536,2327
1536,2325
1537,2323
1537,2320
1538,2318
1538,2303
1540,2302
1540,2292
1541,2291
1541,2280
1542,2278
1542,2181
1543,2180
1543,1998
1542,1997
1542,1882
1541,1881
1541,1860
1540,1858
1540,1850
1538,1848
1538,1832
1537,1831
1537,1828
1536,1827
1536,1826
1535,1825
1535,1822
1533,1821
1533,1817
1532,1816
1532,1813
1531,1812
1531,1811
1530,1810
1530,1807
1528,1806
1528,1805
1527,1803
1527,1802
1526,1801
1526,1800
1525,1798
1525,1797
1523,1796
1523,1795
1522,1793
1522,1792
1521,1791
1521,1790
1520,1788
1520,1787
1516,1783
1516,1781
1513,1778
1513,1777
1511,1775
1511,1773
1506,1768
1506,1767
1502,1763
1502,1762
1497,1757
1497,1756
1472,1731
1471,1731
1466,1726
1465,1726
1458,1720
1457,1720
1453,1716
1452,1716
1450,1713
1448,1713
1447,1712
1446,1712
1442,1708
1441,1708
1437,1705
1436,1705
1435,1703
1432,1703
1428,1700
1427,1700
1426,1698
1425,1698
1423,1697
1421,1697
1420,1696
1418,1696
1417,1695
1416,1695
1412,1691
1410,1691
1408,1690
1406,1690
1405,1688
1403,1688
1402,1687
1401,1687
1400,1686
1397,1686
1396,1685
1395,1685
1393,1683
1392,1683
1391,1682
1390,1682
1388,1681
1385,1681
1383,1680
1382,1680
1381,1678
1378,1678
1377,1677
1373,1677
1372,1676
1370,1676
1367,1673
1362,1673
1361,1672
1356,1672
1355,1671
1353,1671
1352,1670
1343,1670
1342,1668
1337,1668
1336,1667
1332,1667
1331,1666
1325,1666
1323,1665
1281,1665
1280,1663
contour_6
1196,1778
1195,1780
1187,1780
1186,1781
1176,1781
1175,1782
1166,1782
1165,1783
1162,1783
1161,1785
1158,1785
1157,1786
1153,1786
1152,1787
1147,1787
1146,1788
1145,1788
1143,1790
1142,1790
1141,1791
1137,1791
1136,1792
1135,1792
1133,1793
1132,1793
1131,1795
1128,1795
1127,1796
1125,1796
1123,1797
1122,1797
1121,1798
1120,1798
1118,1800
1117,1800
1116,1801
1115,1801
1113,1802
1112,1802
1111,1803
1110,1803
1108,1805
1107,1805
1106,1806
1105,1806
1103,1807
1102,1807
1100,1810
1098,1810
1097,1811
1096,1811
1095,1812
1093,1812
1090,1816
1088,1816
1086,1818
1085,1818
1080,1823
1078,1823
1051,1851
1051,1852
1048,1855
1048,1856
1043,1861
1043,1862
1042,1863
1042,1865
1040,1867
1040,1868
1038,1870
1038,1871
1037,1872
1037,1873
1035,1876
1035,1877
1033,1878
1033,1881
1032,1882
1032,1883
1031,1885
1031,1886
1030,1887
1030,1891
1028,1892
1028,1895
1027,1896
1027,1912
1026,1913
1026,1921
1025,1922
1025,1937
1023,1938
1023,2212
1025,2213
1025,2232
1026,2233
1026,2240
1027,2241
1027,2256
1028,2257
1028,2262
1030,2263
1030,2266
1031,2267
1031,2270
1032,2271
1032,2273
1033,2275
1033,2276
1036,2278
1036,2281
1040,2285
1040,2287
1043,2291
1043,2292
1046,2295
1046,2296
1051,2301
1051,2302
1077,2328
1078,2328
1082,2332
1083,2332
1087,2336
1088,2336
1093,2341
1096,2341
1100,2345
1102,2345
1105,2347
1106,2347
1107,2348
1108,2348
1110,2350
1111,2350
1112,2351
1113,2351
1115,2352
1116,2352
1118,2355
1120,2355
1121,2356
1122,2356
1123,2357
1126,2357
1127,2358
1131,2358
1133,2361
1136,2361
1137,2362
1141,2362
1142,2363
1143,2363
1145,2365
1146,2365
1147,2366
1151,2366
1152,2367
1158,2367
1160,2368
1162,2368
1163,2370
1166,2370
1167,2371
1180,2371
1181,2372
1191,2372
1192,2373
1197,2373
1198,2375
1210,2375
1211,2376
1247,2376
1248,2375
1272,2375
1273,2373
1280,2373
1281,2372
1296,2372
1297,2371
1312,2371
1313,2370
1316,2370
1317,2368
1320,2368
1321,2367
1327,2367
1328,2366
1331,2366
1332,2365
1333,2365
1335,2363
1337,2363
1338,2362
1342,2362
1343,2361
1345,2361
1346,2360
1347,2360
1348,2358
1351,2358
1352,2357
1356,2357
1358,2355
1360,2355
1361,2353
1362,2353
1363,2352
1365,2352
1366,2351
1367,2351
1368,2350
1370,2350
1371,2348
1372,2348
1373,2347
1375,2347
1377,2345
1380,2345
1383,2341
1386,2341
1391,2336
1392,2336
1395,2333
1396,2333
1397,2332
1398,2332
1406,2325
1407,2325
1426,2306
1426,2305
1431,2300
1431,2298
1435,2295
1435,2293
1437,2291
1437,2290
1440,2287
1440,2286
1441,2285
1441,2283
1442,2282
1442,2281
1445,2278
1445,2277
1446,2276
1446,2273
1447,2272
1447,2271
1448,2270
1448,2268
1450,2267
1450,2263
1451,2262
1451,2255
1452,2253
1452,2251
1453,2250
1453,2231
1455,2230
1455,2111
1456,2110
1456,2085
1455,2083
1455,2065
1456,2063
1456,2060
1455,2058
1455,1918
1453,1917
1453,1905
1452,1903
1452,1901
1451,1900
1451,1891
1450,1890
1450,1887
1448,1886
1448,1885
1447,1883
1447,1881
1446,1880
1446,1878
1445,1877
1445,1876
1442,1873
1442,1872
1441,1871
1441,1870
1440,1868
1440,1867
1437,1865
1437,1863
1436,1862
1436,1861
1433,1858
1433,1857
1428,1852
1428,1851
1422,1845
1422,1843
1407,1828
1406,1828
1401,1823
1400,1823
1393,1817
1392,1817
1390,1815
1388,1815
1386,1812
1385,1812
1383,1811
1382,1811
1380,1808
1377,1808
1375,1806
1373,1806
1372,1805
1371,1805
1370,1803
1368,1803
1367,1802
1366,1802
1363,1800
1362,1800
1361,1798
1360,1798
1358,1797
1357,1797
1356,1796
1351,1796
1348,1793
1347,1793
1346,1792
1345,1792
1343,1791
1340,1791
1338,1790
1337,1790
1336,1788
1335,1788
1333,1787
1328,1787
1327,1786
1323,1786
1322,1785
1318,1785
1317,1783
1316,1783
1315,1782
1307,1782
1306,1781
1296,1781
1295,1780
1287,1780
1286,1778
contour_8
1225,926
1223,927
1213,927
1212,928
1192,928
1191,930
1190,930
1188,931
1181,931
1180,932
1178,932
1177,933
1173,933
1172,935
1171,935
1170,936
1167,936
1165,938
1162,938
1161,940
1158,940
1157,941
1156,941
1155,942
1153,942
1151,945
1150,945
1148,946
1147,946
1146,947
1145,947
1143,948
1142,948
1140,951
1138,951
1135,955
1133,955
1131,957
1130,957
1107,980
1107,981
1102,986
1102,987
1100,990
1100,991
1097,993
1097,995
1096,996
1096,998
1093,1001
1093,1002
1092,1003
1092,1005
1091,1006
1091,1007
1090,1008
1090,1010
1088,1011
1088,1012
1087,1013
1087,1015
1086,1016
1086,1018
1085,1020
1085,1028
1083,1030
1083,1037
1082,1038
1082,1045
1081,1046
1081,1092
1080,1093
1080,1266
1081,1267
1081,1321
1082,1322
1082,1336
1083,1337
1083,1347
1085,1348
1085,1356
1086,1357
1086,1358
1087,1360
1087,1362
1088,1363
1088,1365
1090,1366
1090,1368
1092,1371
1092,1372
1093,1373
1093,1375
1095,1376
1095,1377
1097,1380
1097,1382
1102,1387
1102,1388
1106,1392
1106,1393
1111,1398
1111,1400
1130,1418
1131,1418
1135,1422
1136,1422
1140,1426
1141,1426
1143,1428
1145,1428
1146,1430
1147,1430
1148,1431
1150,1431
1151,1432
1152,1432
1153,1433
1155,1433
1156,1435
1157,1435
1158,1436
1160,1436
1161,1437
1163,1437
1165,1438
1168,1438
1171,1441
1172,1441
1173,1442
1178,1442
1180,1443
1183,1443
1185,1445
1186,1445
1187,1446
1191,1446
1192,1447
1221,1447
1222,1448
1246,1448
1247,1447
1288,1447
1290,1446
1292,1446
1293,1445
1295,1445
1296,1443
1300,1443
1301,1442
1305,1442
1306,1441
1310,1441
1311,1440
1312,1440
1313,1438
1315,1438
1316,1437
1318,1437
1320,1436
1321,1436
1322,1435
1323,1435
1325,1433
1326,1433
1327,1432
1328,1432
1331,1430
1332,1430
1335,1427
1336,1427
1337,1426
1338,1426
1341,1423
1342,1423
1343,1422
1345,1422
1350,1417
1351,1417
1370,1398
1370,1397
1376,1391
1376,1390
1381,1385
1381,1382
1383,1380
1383,1378
1385,1377
1385,1376
1386,1375
1386,1373
1387,1372
1387,1371
1388,1370
1388,1367
1391,1365
1391,1362
1393,1360
1393,1357
1395,1356
1395,1350
1396,1348
1396,1345
1397,1343
1397,1336
1398,1335
1398,1275
1400,1273
1400,1082
1398,1081
1398,1046
1397,1045
1397,1035
1396,1033
1396,1030
1395,1028
1395,1021
1393,1020
1393,1017
1392,1016
1392,1015
1391,1013
1391,1012
1390,1011
1390,1008
1388,1007
1388,1006
1387,1005
1387,1003
1386,1002
1386,1001
1385,1000
1385,998
1383,997
1383,996
1381,993
1381,992
1378,990
1378,988
1377,987
1377,986
1373,982
1373,981
1350,957
1348,957
1345,953
1343,953
1340,950
1338,950
1337,948
1336,948
1333,946
1332,946
1330,943
1327,943
1325,941
1323,941
1322,940
1320,940
1318,938
1316,938
1315,937
1313,937
1312,936
1311,936
1310,935
1308,935
1307,933
1305,933
1303,932
1300,932
1298,931
1292,931
1291,930
1290,930
1288,928
1267,928
1266,927
1256,927
1255,926
contour_10
1227,1913
1226,1915
1210,1915
1208,1916
1203,1916
1202,1917
1192,1917
1191,1918
1188,1918
1187,1920
1183,1920
1182,1921
1180,1921
1178,1922
1177,1922
1176,1923
1173,1923
1171,1926
1170,1926
1168,1927
1167,1927
1166,1928
1165,1928
1163,1930
1162,1930
1158,1933
1157,1933
1155,1936
1153,1936
1135,1955
1135,1956
1132,1958
1132,1960
1131,1961
1131,1962
1130,1963
1130,1965
1127,1967
1127,1971
1126,1972
1126,1975
1125,1976
1125,1977
1123,1978
1123,1983
1122,1985
1122,2003
1121,2005
1121,2131
1122,2132
1122,2168
1123,2170
1123,2178
1126,2181
1126,2183
1127,2185
1127,2186
1128,2187
1128,2188
1130,2190
1130,2191
1131,2192
1131,2193
1133,2196
1133,2197
1151,2215
1152,2215
1156,2218
1157,2218
1160,2221
1161,2221
1163,2223
1165,2223
1166,2225
1167,2225
1168,2226
1170,2226
1171,2227
1172,2227
1173,2228
1175,2228
1177,2231
1180,2231
1181,2232
1183,2232
1185,2233
1186,2233
1187,2235
1190,2235
1191,2236
1202,2236
1203,2237
1207,2237
1208,2238
1257,2238
1258,2237
1271,2237
1272,2236
1287,2236
1288,2235
1292,2235
1293,2233
1296,2233
1297,2232
1298,2232
1300,2231
1302,2231
1303,2230
1305,2230
1306,2228
1307,2228
1308,2227
1310,2227
1312,2225
1315,2225
1317,2222
1318,2222
1321,2220
1322,2220
1326,2216
1327,2216
1343,2200
1343,2198
1347,2195
1347,2193
1348,2192
1348,2191
1351,2188
1351,2187
1352,2186
1352,2183
1353,2182
1353,2181
1355,2180
1355,2176
1356,2175
1356,2171
1357,2170
1357,2161
1358,2160
1358,2153
1360,2152
1360,2013
1358,2012
1358,1997
1357,1996
1357,1982
1356,1981
1356,1978
1355,1977
1355,1972
1353,1971
1353,1970
1352,1968
1352,1967
1351,1966
1351,1965
1350,1963
1350,1962
1348,1961
1348,1960
1345,1956
1345,1955
1330,1940
1328,1940
1323,1935
1322,1935
1318,1931
1317,1931
1315,1928
1312,1928
1310,1926
1308,1926
1307,1925
1306,1925
1305,1923
1302,1923
1301,1922
1300,1922
1298,1921
1296,1921
1295,1920
1292,1920
1291,1918
1285,1918
1283,1917
1276,1917
1275,1916
1270,1916
1268,1915
1262,1915
1261,1913
contour_12
1221,1051
1220,1052
1212,1052
1211,1053
1207,1053
1206,1055
1205,1055
1203,1056
1200,1056
1198,1057
1197,1057
1196,1058
1195,1058
1192,1061
1191,1061
1190,1062
1188,1062
1185,1066
1183,1066
1168,1081
1168,1082
1165,1086
1165,1087
1163,1088
1163,1090
1162,1091
1162,1092
1161,1093
1161,1096
1160,1097
1160,1100
1158,1101
1158,1105
1157,1106
1157,1115
1156,1116
1156,1121
1155,1122
1155,1256
1156,1257
1156,1262
1157,1263
1157,1271
1158,1272
1158,1275
1160,1276
1160,1280
1161,1281
1161,1282
1162,1283
1162,1285
1163,1286
1163,1287
1165,1288
1165,1290
1168,1293
1168,1295
1183,1310
1185,1310
1188,1313
1190,1313
1192,1316
1193,1316
1195,1317
1196,1317
1198,1320
1202,1320
1203,1321
1206,1321
1207,1322
1208,1322
1210,1323
1215,1323
1216,1325
1262,1325
1263,1323
1267,1323
1268,1322
1270,1322
1271,1321
1275,1321
1276,1320
1278,1320
1280,1318
1281,1318
1282,1317
1283,1317
1285,1316
1286,1316
1287,1315
1288,1315
1290,1313
1291,1313
1293,1311
1295,1311
1300,1306
1301,1306
1313,1293
1313,1292
1315,1291
1315,1290
1317,1287
1317,1286
1318,1285
1318,1281
1321,1278
1321,1261
1322,1260
1322,1252
1323,1251
1323,1211
1325,1210
1325,1148
1323,1147
1323,1118
1322,1117
1322,1113
1321,1112
1321,1098
1320,1097
1320,1096
1318,1095
1318,1092
1317,1091
1317,1090
1316,1088
1316,1087
1315,1086
1315,1085
1312,1082
1312,1081
1297,1066
1296,1066
1293,1063
1292,1063
1290,1061
1288,1061
1287,1060
1286,1060
1285,1058
1283,1058
1282,1057
1281,1057
1280,1056
1276,1056
1275,1055
1273,1055
1272,1053
1267,1053
1266,1052
1258,1052
1257,1051
